0.000000,
0.000001,
0.000005,
0.000011,
0.000019,
0.000029,
0.000042,
0.000058,
0.000075,
0.000095,
0.000118,
0.000142,
0.000169,
0.000199,
0.000231,
0.000265,
0.000301,
0.000340,
0.000381,
0.000425,
0.000471,
0.000519,
0.000569,
0.000622,
0.000678,
0.000735,
0.000795,
0.000858,
0.000922,
0.000989,
0.001059,
0.001131,
0.001205,
0.001281,
0.001360,
0.001441,
0.001525,
0.001611,
0.001699,
0.001790,
0.001882,
0.001978,
0.002075,
0.002175,
0.002278,
0.002383,
0.002490,
0.002599,
0.002711,
0.002825,
0.002941,
0.003060,
0.003181,
0.003305,
0.003431,
0.003559,
0.003690,
0.003823,
0.003958,
0.004096,
0.004236,
0.004378,
0.004523,
0.004670,
0.004819,
0.004971,
0.005125,
0.005282,
0.005440,
0.005602,
0.005765,
0.005931,
0.006099,
0.006270,
0.006443,
0.006618,
0.006796,
0.006976,
0.007158,
0.007343,
0.007530,
0.007719,
0.007911,
0.008105,
0.008302,
0.008501,
0.008702,
0.008905,
0.009111,
0.009319,
0.009530,
0.009743,
0.009958,
0.010176,
0.010396,
0.010618,
0.010843,
0.011070,
0.011299,
0.011531,
0.011765,
0.012002,
0.012241,
0.012482,
0.012725,
0.012971,
0.013220,
0.013470,
0.013723,
0.013978,
0.014236,
0.014496,
0.014758,
0.015023,
0.015290,
0.015560,
0.015831,
0.016106,
0.016382,
0.016661,
0.016942,
0.017226,
0.017512,
0.017800,
0.018090,
0.018383,
0.018679,
0.018976,
