0,
804,
1607,
2410,
3211,
4011,
4807,
5601,
6392,
7179,
7961,
8739,
9511,
10278,
11038,
11792,
12539,
13278,
14009,
14732,
15446,
16150,
16845,
17530,
18204,
18867,
19519,
20159,
20787,
21402,
22004,
22594,
23169,
23731,
24278,
24811,
25329,
25831,
26318,
26789,
27244,
27683,
28105,
28510,
28897,
29268,
29621,
29955,
30272,
30571,
30851,
31113,
31356,
31580,
31785,
31970,
32137,
32284,
32412,
32520,
32609,
32678,
32727,
32757,
32767,
32757,
32727,
32678,
32609,
32520,
32412,
32284,
32137,
31970,
31785,
31580,
31356,
31113,
30851,
30571,
30272,
29955,
29621,
29268,
28897,
28510,
28105,
27683,
27244,
26789,
26318,
25831,
25329,
24811,
24278,
23731,
23169,
22594,
22004,
21402,
20787,
20159,
19519,
18867,
18204,
17530,
16845,
16150,
15446,
14732,
14009,
13278,
12539,
11792,
11038,
10278,
9511,
8739,
7961,
7179,
6392,
5601,
4807,
4011,
3211,
2410,
1607,
804,
0,
-804,
-1607,
-2410,
-3211,
-4011,
-4808,
-5602,
-6392,
-7179,
-7961,
-8739,
-9512,
-10278,
-11039,
-11793,
-12539,
-13278,
-14010,
-14732,
-15446,
-16151,
-16846,
-17530,
-18204,
-18868,
-19519,
-20159,
-20787,
-21403,
-22005,
-22594,
-23170,
-23732,
-24279,
-24812,
-25330,
-25832,
-26319,
-26790,
-27245,
-27684,
-28106,
-28511,
-28898,
-29269,
-29621,
-29956,
-30273,
-30572,
-30852,
-31114,
-31357,
-31581,
-31785,
-31971,
-32138,
-32285,
-32413,
-32521,
-32610,
-32679,
-32728,
-32758,
-32768,
-32758,
-32728,
-32679,
-32610,
-32521,
-32413,
-32285,
-32138,
-31971,
-31785,
-31581,
-31357,
-31114,
-30852,
-30572,
-30273,
-29956,
-29621,
-29269,
-28898,
-28511,
-28106,
-27684,
-27245,
-26790,
-26319,
-25832,
-25330,
-24812,
-24279,
-23732,
-23170,
-22594,
-22005,
-21403,
-20787,
-20159,
-19519,
-18868,
-18204,
-17530,
-16846,
-16151,
-15446,
-14732,
-14010,
-13278,
-12539,
-11793,
-11039,
-10278,
-9512,
-8739,
-7961,
-7179,
-6392,
-5602,
-4808,
-4011,
-3211,
-2410,
-1607,
-804,
