0,
6,
12,
18,
25,
31,
37,
43,
50,
56,
62,
69,
75,
81,
87,
94,
100,
106,
113,
119,
125,
131,
138,
144,
150,
157,
163,
169,
175,
182,
188,
194,
201,
207,
213,
219,
226,
232,
238,
245,
251,
257,
263,
270,
276,
282,
289,
295,
301,
307,
314,
320,
326,
333,
339,
345,
351,
358,
364,
370,
376,
383,
389,
395,
402,
408,
414,
420,
427,
433,
439,
446,
452,
458,
464,
471,
477,
483,
490,
496,
502,
508,
515,
521,
527,
534,
540,
546,
552,
559,
565,
571,
578,
584,
590,
596,
603,
609,
615,
622,
628,
634,
640,
647,
653,
659,
665,
672,
678,
684,
691,
697,
703,
709,
716,
722,
728,
735,
741,
747,
753,
760,
766,
772,
779,
785,
791,
797,
804,
810,
816,
823,
829,
835,
841,
848,
854,
860,
867,
873,
879,
885,
892,
898,
904,
911,
917,
923,
929,
936,
942,
948,
954,
961,
967,
973,
980,
986,
992,
998,
1005,
1011,
1017,
1024,
1030,
1036,
1042,
1049,
1055,
1061,
1068,
1074,
1080,
1086,
1093,
1099,
1105,
1112,
1118,
1124,
1130,
1137,
1143,
1149,
1156,
1162,
1168,
1174,
1181,
1187,
1193,
1200,
1206,
1212,
1218,
1225,
1231,
1237,
1243,
1250,
1256,
1262,
1269,
1275,
1281,
1287,
1294,
1300,
1306,
1313,
1319,
1325,
1331,
1338,
1344,
1350,
1357,
1363,
1369,
1375,
1382,
1388,
1394,
1401,
1407,
1413,
1419,
1426,
1432,
1438,
1444,
1451,
1457,
1463,
1470,
1476,
1482,
1488,
1495,
1501,
1507,
1514,
1520,
1526,
1532,
1539,
1545,
1551,
1558,
1564,
1570,
1576,
1583,
1589,
1595,
1602,
